# intensity: 1
# background: 0
#           Q (1/A)             dQ (1/A)                    R                   dR               theory              fresnel
          0.00567603         0.0002255919            0.8507665           0.04037224    0.523703855423623    0.112510666225688
         0.005728253         0.0002276766            0.9643983           0.02865323    0.521586954663696    0.111696871718314
         0.005781446         0.0002298003            0.9318983           0.02126318    0.519134858849323    0.110763046504408
         0.005835636         0.0002319641            0.8973101           0.01795241    0.516321270645316    0.109702115927449
         0.005890852         0.0002341691            0.8943583           0.01673568    0.513114010990596    0.108505931912256
         0.005947122         0.0002364165            0.8997917           0.01594046    0.509489950380062    0.107170591948624
         0.006004478         0.0002387076            0.9037005           0.01537948    0.505438475999796    0.105697625437581
         0.006062951         0.0002410437            0.8958531           0.01475854    0.500964357054172    0.104094820361175
         0.006122574          0.000243426            0.9101983           0.01460179    0.496087911662981    0.102375931422808
         0.006183381          0.000245856            0.8783944            0.0136849    0.490849333488753    0.100561373162674
         0.006245408         0.0002483352            0.9204226            0.0138096    0.485276206273438   0.0986678545674627
         0.006308693          0.000250865              0.93775           0.01378277     0.47942033472384   0.0967186969672602
         0.006373273          0.000253447             0.918006           0.01313767    0.473322844508096   0.0947329015244819
         0.006439188         0.0002560828            0.9597109           0.01328704    0.467017647317692    0.092726001390535
         0.006506482         0.0002587742            0.9413613           0.01255678    0.460529705726708   0.0907096042398054
         0.006575196         0.0002615229            0.9316844           0.01217011    0.453876030308484   0.0886919179369988
         0.006645378         0.0002643309            0.9340586           0.01196476    0.447066230258311   0.0866781795936313
         0.006717074         0.0002671999             0.954494           0.01185351    0.440112446780609   0.0846734844310764
         0.006790334         0.0002701321            0.9669268           0.01174953    0.432993251298455   0.0826735148710517
          0.00686521         0.0002731296             0.966198           0.01162978    0.425731780786043    0.080686768933483
         0.006941755         0.0002761946             0.940669           0.01122147    0.418320119431376   0.0787118250024419
         0.007020026         0.0002793293            0.9402266           0.01088934    0.410756114842972   0.0767492017386372
         0.007100083         0.0002825363            0.9726882           0.01068014    0.403037764926436   0.0747994191635297
         0.007181987          0.000285818            0.9771747           0.01037826    0.395163458204642   0.0728630487736748
         0.007265802         0.0002891771            0.9821933          0.009928399     0.38712620537265   0.0709390659896916
         0.007351597         0.0002926164            0.9844621          0.009513627    0.378944130125191   0.0690329123167328
         0.007439442         0.0002961387            0.9923784          0.009266391    0.370594030463966   0.0671401004760372
         0.007529412         0.0002997473            0.9784332          0.008860294    0.362084337746848   0.0652630105988334
         0.007621584         0.0003034451            0.9737721          0.008545493    0.353415202221771    0.063402253353002
         0.007716041         0.0003072358            0.9844964          0.008348086    0.344587079740543   0.0615584043822411
         0.007812869         0.0003111226             0.972863          0.007995866    0.335595059160668   0.0597306195116382
         0.007912158         0.0003151095            0.9914987           0.00787827    0.326453761133141   0.0579226263946359
         0.008014003         0.0003192004            0.9936806          0.007682519    0.317158818703039   0.0561333573828598
         0.008118504         0.0003233993            0.9975017          0.007501246    0.307720967291411   0.0543646538299052
         0.008225767         0.0003277106            0.9860479          0.007204411    0.298127935542951   0.0526144428960811
         0.008335902          0.000332139            0.9985522          0.007083296    0.288386680157955   0.0508833733536072
         0.008449026         0.0003366892            0.9949311          0.006831219    0.278518930523227   0.0491753349975116
         0.008565262         0.0003413664             1.001467          0.006683218    0.268523643087713   0.0474891866429646
         0.008684741         0.0003461761            0.9891635          0.006548999    0.258409306301098   0.0458255523514195
         0.008807601         0.0003511239             1.012215           0.00651515     0.24818580237904   0.0441850628642372
         0.008933987         0.0003562159             0.999951          0.006399777    0.237873178798446   0.0425695795798125
         0.009064053         0.0003614586            0.9975715          0.006283021    0.227457706435406   0.0409756971473603
         0.009197962         0.0003668587             1.009606          0.006089171    0.216981084504104   0.0394084669823767
         0.009335887         0.0003724235             1.012021          0.005891555    0.206450804242148   0.0378669243415116
         0.009478011         0.0003781607             1.018268           0.00574908    0.195885105479901   0.0363516890692521
         0.009624529         0.0003840785             1.012522          0.005582569    0.185304108695253   0.0348633666152371
         0.009775649         0.0003901856             1.007809          0.005447779    0.174729878208032    0.033402547346964
         0.009931589         0.0003964912             1.016255          0.005570911    0.164179226662498   0.0319687197913325
          0.01009259         0.0004030054             1.001052          0.005454894    0.153701322719433   0.0305657760884462
          0.01025889         0.0004097386             1.025143           0.00537461    0.143300282769438   0.0291909521946153
          0.01043076         0.0004167021             1.036668          0.005343696    0.133015325405254    0.027845962290748
          0.01060849         0.0004239081             1.022093          0.005318701    0.122878228535319   0.0265312934266546
          0.01079239         0.0004313695             1.028996          0.005270878    0.112922555374195   0.0252474205526862
          0.01098277         0.0004391004             1.030428           0.00513327    0.103177714674612   0.0239940316768043
          0.01117999         0.0004471155             1.019865          0.005051293   0.0936948138303105   0.0227735352224569
          0.01138442          0.000455431             1.026444          0.005134188   0.0845032411472841   0.0215852656077171
          0.01159647         0.0004640643             1.025016          0.005293612   0.0756452015962801   0.0204302317355823
          0.01181656         0.0004730341             1.015102          0.005103816   0.0671491081984382   0.0193074428484444
          0.01204518         0.0004823606             1.013102           0.00493068   0.0590578904772553   0.0182180060713149
          0.01228281         0.0004920656            0.9980657          0.004730596   0.0514033696711384   0.0171616612289746
          0.01253001         0.0005021729             0.954828          0.004525633   0.0442317117843889   0.0161402434814538
          0.01278736         0.0005127083            0.8738863          0.004311297   0.0375668327999106   0.0151529939725732
           0.0130555         0.0005236998             0.719894          0.003756079   0.0314359060058788   0.0142000388672872
          0.01333513          0.000535178            0.5489933          0.003209427   0.0258609069653338   0.0132813886086725
          0.01362701         0.0005471762            0.3461278          0.002460436   0.0208587112639949   0.0123970366679324
          0.01393194         0.0005597309            0.2080339           0.00182849   0.0164376815587056   0.0115463401177974
          0.01411042         0.0005617058            0.2034591          0.006922793   0.0141828969712851   0.0110795384578586
          0.01424025         0.0005668965            0.1679639          0.004112204   0.0127069294804394   0.0107550597585572
          0.01437248         0.0005721843            0.1532034          0.002951582   0.0113307187629109   0.0104369999659504
           0.0145072         0.0005775719            0.1240218          0.002249248    0.010046315273771   0.0101238178137552
          0.01464446         0.0005830621            0.1101314          0.001967315  0.00885963459881895  0.00981682054355036
          0.01478435          0.000588658           0.08997369          0.001667741  0.00776378995583129  0.00951498016000898
          0.01492693         0.0005943625           0.07848577          0.001484556  0.00676298997837543  0.00921931202952728
           0.0150723          0.000600179           0.06471067           0.00129023  0.00584994350136502  0.00892873364351339
          0.01522052         0.0006061107           0.06174247          0.001231777  0.00502811967491372  0.00864430371005337
          0.01537168         0.0006121612           0.05368373          0.001094157  0.00429029073966235  0.00836516863465422
          0.01552588          0.000618334           0.04997923          0.001035295  0.00363839997025305  0.00809184252912638
           0.0156832         0.0006246328           0.04659046         0.0009840435  0.00306523740025559  0.00782350627572401
          0.01584374         0.0006310616           0.04248706         0.0009041758  0.00257254747376755  0.00756125501974271
          0.01600761         0.0006376246           0.04155167         0.0008835418  0.00215256535720507  0.00730389725119229
           0.0161749         0.0006443258           0.03628216         0.0007855801  0.00180623435077237  0.00705260774028904
          0.01634572         0.0006511698           0.03482671         0.0007501472  0.00152711881584231  0.00680659750484193
          0.01652019         0.0006581612           0.03092881         0.0006934502  0.00131110536401006  0.00656573188778867
          0.01669842         0.0006653047           0.02968594         0.0006646179  0.00115518966983167  0.00633054720512355
          0.01688055         0.0006726055           0.02573643         0.0006069771  0.00105451866292735  0.00610032198614828
          0.01706668         0.0006800689           0.02409511         0.0005809028  0.00100545014623591   0.0058757051700402
          0.01725697         0.0006877002           0.02268705         0.0005518775  0.00100262238100885  0.00565636611813401
          0.01745155         0.0006955053           0.02083077         0.0005120217  0.00104118932381647  0.00544228386093534
          0.01765057         0.0007034902           0.01906612         0.0004714326  0.00111616660637807  0.00523341964037069
          0.01785418         0.0007116612           0.01847768         0.0004496266  0.00122245799618509  0.00502974032101754
          0.01806254         0.0007200248           0.01645045         0.0004036562  0.00135475551286078  0.00483101714899894
          0.01827583         0.0007285881            0.0146628         0.0003648122  0.00150802353656684  0.00463774723507837
          0.01849421         0.0007373583           0.01424082         0.0003483867  0.00167710577294873  0.00444937704196616
          0.01871787          0.000746343           0.01331968          0.000324634  0.00185662034491275  0.00426602932413254
          0.01894701         0.0007555501           0.01247405         0.0003037638  0.00204141819740122  0.00408765384970634
          0.01918182         0.0007649882           0.01134832         0.0002813963  0.00222644275094908  0.00391421403160498
          0.01942253         0.0007746659           0.01055751         0.0002613524  0.00240689645982047  0.00374549538877882
          0.01966936         0.0007845927           0.01010212         0.0002489266  0.00257793518706325  0.00358178381966586
          0.01992255         0.0007947782          0.009471518         0.0002346534  0.00273520756334896  0.00342284378628485
          0.02018233         0.0008052328          0.008672841         0.0002186701  0.00287460640203926   0.0032687317715734
          0.02044898         0.0008159673          0.007919434         0.0002021839  0.00299240637372128  0.00311916444845855
          0.02072278         0.0008269931          0.008079329         0.0001992268  0.00308529338255054  0.00297420823013819
            0.021004         0.0008383224          0.007041927         0.0001796177  0.00315057109233739  0.00283369549354566
          0.02129296         0.0008499679          0.006336417         0.0001659715  0.00318573836313028  0.00269782171191314
          0.02158998         0.0008619431           0.00627306         0.0001630723   0.0031892936222918  0.00256638315048303
          0.02189541         0.0008742622          0.005362494         0.0001477838  0.00316026021869393  0.00243931460422237
           0.0222096         0.0008869403          0.005211576         0.0001440565  0.00309837600004962  0.00231655774619261
          0.02253294         0.0008999935          0.004831537         0.0001363885  0.00300432235125948   0.0021979981930388
          0.02286583         0.0009134388          0.004436174         0.0001257305  0.00287894359627988  0.00208366984032295
          0.02320871         0.0009272941          0.004163745         0.0001176476  0.00272456127261498  0.00197345113876245
          0.02356202         0.0009415786          0.003789909         0.0001091305  0.00254406175417483  0.00186727839224172
          0.02392626         0.0009563127          0.003550439         0.0001028517  0.00234109633716535  0.00176507678665723
          0.02430194         0.0009715181            0.0032873         9.675181e-05  0.00212006121131574  0.00166677676882247
           0.0246896         0.0009872178          0.003161638         9.656291e-05   0.0018859274576147  0.00157222445349461
          0.02508983          0.001003437          0.002904109           9.1411e-05  0.00164462580172079  0.00148158420767094
          0.02550326          0.001020201          0.002651754         8.481234e-05  0.00140177537221304  0.00139455076535598
          0.02593053          0.001037538          0.002398364         7.968439e-05   0.0011638684247917  0.00131112813813244
          0.02637237           0.00105548          0.002330675         7.885206e-05  0.00093720903674711   0.0012312355362861
          0.02682952          0.001074057           0.00218833         7.538173e-05 0.000727915336852533  0.00115479875379106
           0.0273028          0.001093305          0.001842053         6.719294e-05 0.000541460258889262   0.0010816784618097
          0.02779308           0.00111326          0.001789528         6.556013e-05 0.000383039829796883  0.00101192837987702
          0.02830129          0.001133964          0.001763893          6.58995e-05 0.000256256266268806 0.000945393953491217
          0.02882843          0.001155458          0.001544401         6.359075e-05 0.000163517186877972 0.000882028538770074
          0.02937558          0.001177791          0.001370347         5.804521e-05 0.000105650012659336 0.000821676037390812
          0.02994391          0.001201011          0.001315335         5.499602e-05  8.1622576409991e-05 0.000764300593776277
          0.03053465          0.001225174          0.001092431         4.852543e-05 8.83933070849103e-05 0.000709782342837918
          0.03114918          0.001250338          0.001012731         4.580964e-05 0.000121220358317703 0.000658142293737457
          0.03178895          0.001276568         0.0009523768         4.445518e-05 0.000173355239017798 0.000609221923686914
          0.03245555          0.001303933         0.0008947733         4.204525e-05 0.000236710219456698 0.000562928734718536
           0.0331507           0.00133251         0.0007934045         3.941663e-05  0.00030228727035735  0.00051921055111942
          0.03387629          0.001362381         0.0007374761         3.746507e-05 0.000360991498993465 0.000477961170193401
          0.03463435          0.001393638         0.0006658623         3.463617e-05  0.00040442553786235 0.000439068383701566
          0.03542711           0.00142638         0.0006273662         3.347978e-05 0.000425716596657953 0.000402513480429567
          0.03556471          0.001400122         0.0006700471          8.78903e-05 0.000428630060799888 0.000396304200211554
          0.03589391          0.001413142         0.0006300182          6.06887e-05 0.000428070082289385 0.000382476987665833
          0.03622926          0.001426406         0.0004924553         4.381821e-05 0.000423044441896466 0.000369029811949398
          0.03657093          0.001439922         0.0004904811         4.048883e-05 0.000413641906488311 0.000355900892605412
          0.03691912          0.001453698         0.0004855548         3.808319e-05  0.00039992264949753 0.000343143484157772
          0.03727399           0.00146774         0.0004543675         3.580654e-05 0.000382191126752785 0.000330693525218672
          0.03763576          0.001482057         0.0004134055         3.215651e-05 0.000360739295845287 0.000318605784764622
          0.03800461          0.001496656         0.0003739628         3.010516e-05 0.000336060607729114 0.000306836144028797
          0.03838077          0.001511547         0.0003966746         2.988188e-05 0.000308726479873767 0.000295380589631019
          0.03876445          0.001526738         0.0003810233         2.892789e-05 0.000279320515322401 0.000284244101536649
          0.03915587          0.001542239         0.0003638083         2.743917e-05 0.000248588372597133 0.000273401989115999
          0.03955528          0.001558058         0.0003558759         2.661144e-05  0.00021730032946917 0.000262878236030602
          0.03996293          0.001574205         0.0003190018         2.449031e-05 0.000186247056250549  0.00025263689163333
          0.04037906          0.001590692         0.0002980097         2.308307e-05 0.000156264931810432 0.000242704095084279
          0.04080395          0.001607529         0.0003123737         2.292884e-05 0.000128118145600992 0.000233042731756975
          0.04123788          0.001624728         0.0002931895         2.150076e-05 0.000102602778886807  0.00022367985834017
          0.04168114          0.001642299         0.0002827593         2.094539e-05 8.03295055322108e-05 0.000214578830446673
          0.04213403          0.001660256         0.0002674799         1.994976e-05 6.19520293093799e-05 0.000205758984086415
          0.04259686          0.001678611         0.0002189043         1.783308e-05 4.78791766536626e-05 0.000197206275214151
          0.04306998          0.001697378         0.0002710755         1.951777e-05 3.83924028356064e-05 0.000188915396903686
          0.04355373           0.00171657         0.0002467612         1.803708e-05 3.35930503009221e-05 0.000180881533008703
          0.04404847          0.001736203         0.0002614538          1.81499e-05 3.33854157581368e-05 0.000173099810514346
          0.04455458          0.001756292         0.0002088922         1.567779e-05  3.7450347831043e-05  0.00016555749881275
          0.04507245          0.001776853         0.0002105162         1.490536e-05   4.531648484956e-05 0.000158272184470114
           0.0456025          0.001797903         0.0001896071         1.371267e-05 5.62829129984315e-05  0.00015121760826676
          0.04614517          0.001819459         0.0001682808         1.246353e-05 6.94743526964084e-05 0.000144395746939141
          0.04670091           0.00184154         0.0001485539         1.130853e-05 8.38951071536558e-05 0.000137801881364063
           0.0472702          0.001864166         0.0001334402         1.030491e-05 9.84664790295781e-05  0.00013143122123994
          0.04785354          0.001887357          0.000152737         1.070541e-05 0.000112085120502111 0.000125272934871339
          0.04845145          0.001911135          0.000156617         1.051221e-05    0.000123693627052 0.000119335605201618
           0.0490645          0.001935522         0.0001464304          9.87879e-06 0.000132344252677249 0.000113607141293584
          0.04969326          0.001960542          0.000136368         9.292377e-06 0.000137290726868395 0.000108086885562671
          0.05033834           0.00198622          0.000116499          8.38455e-06 0.000138007682630966 0.000102761705546648
          0.05100039          0.002012583          0.000119901         8.274752e-06 0.000134315133208498 9.76318577458987e-05
          0.05168009          0.002039658          0.000104004         7.473615e-06 0.000126374440290961 9.26881125056248e-05
          0.05237815          0.002067475         9.425791e-05         6.992906e-06 0.000114680129404763 8.79361532210692e-05
          0.05309533          0.002096065         7.829743e-05         6.124599e-06  0.00010008798467012 8.33658488361672e-05
          0.05383241          0.002125461         7.854205e-05         6.123332e-06  8.3725965574016e-05 7.89728754677589e-05
          0.05459025          0.002155697          8.41896e-05         6.151668e-06 6.69115507332193e-05 7.47527303869567e-05
          0.05536974           0.00218681          8.53305e-05         6.122697e-06 5.10304743080426e-05 7.07036230341523e-05
           0.0561718          0.002218839         8.394013e-05         6.041082e-06 3.73885916766016e-05 6.68121506974263e-05
          0.05699745          0.002251826         7.517261e-05         5.522998e-06 2.70752295369758e-05 6.30848423081292e-05
          0.05784773          0.002285814         7.766911e-05         5.348457e-06 2.07911137612433e-05 5.95132769200101e-05
          0.05872376           0.00232085          5.86208e-05         4.615991e-06 1.87509459671625e-05 5.60932564618942e-05
          0.05962673          0.002356982         6.309448e-05         4.595303e-06 2.06202937661203e-05  5.2820621952473e-05
           0.0605579          0.002394265         5.691303e-05         4.274404e-06 2.55286436375884e-05 4.96912770385614e-05
          0.06151862          0.002432754         5.621001e-05          4.29166e-06 3.21614683933294e-05 4.66986414059645e-05
          0.06251032          0.002472508          5.06583e-05         4.146984e-06 3.89734591939914e-05 4.38458011556499e-05
          0.06353451          0.002513592         5.559634e-05         4.171909e-06 4.43823320307206e-05 4.11220900041986e-05
          0.06459282          0.002556074         4.382746e-05         3.685169e-06 4.71047608172325e-05 3.85257193204834e-05
          0.06568698          0.002600027         3.966804e-05         3.505205e-06 4.63992597553997e-05     3.6052812309e-05
          0.06681885           0.00264553         4.362228e-05         3.640362e-06 4.22511563730643e-05 3.36995182798196e-05
          0.06799042          0.002692665         3.886745e-05         3.314399e-06 3.54164356020916e-05 3.14603157055794e-05
           0.0692038          0.002741524         3.617337e-05         3.216235e-06 2.72762087645117e-05 2.93353437274919e-05
          0.07046127          0.002792204         3.496156e-05         3.161996e-06 1.95340930359597e-05 2.73187149529755e-05
          0.07176529          0.002844808         3.475818e-05          3.24783e-06 1.37652716202667e-05 2.54077104779756e-05
          0.07311849           0.00289945         3.131996e-05         3.048506e-06 1.09620114447311e-05 2.35966408993724e-05
           0.0745237          0.002956251         3.012099e-05         2.927437e-06 1.11985875914226e-05 2.18817790267486e-05
          0.07598398          0.003015342         2.582886e-05         2.603086e-06 1.35856288772007e-05 2.02630117897329e-05
          0.07750263          0.003076868         2.688164e-05         2.570093e-06 1.65338981738481e-05 1.87349600807895e-05
          0.07908322          0.003140981         2.529888e-05         2.550866e-06 1.83503295073962e-05 1.72942647101407e-05
          0.08072962          0.003207852         2.038041e-05         2.263851e-06  1.7926418360844e-05  1.5937619659603e-05
          0.08244604          0.003277662         2.302067e-05          2.34115e-06 1.52389456035402e-05 1.46617657840865e-05
          0.08423702          0.003350613         1.773719e-05         2.110142e-06 1.13757460350177e-05 1.34630364171764e-05
          0.08610755          0.003426923         1.306576e-05         1.823562e-06 7.97962251092624e-06 1.23393489327968e-05
          0.08806303          0.003506832         1.415358e-05         1.892563e-06 6.33546200907988e-06 1.12870445040164e-05
          0.09010939          0.003590604         1.556701e-05         1.893237e-06 6.59590443670868e-06 1.03030914149382e-05
          0.09225313          0.003678529         1.415171e-05         1.802236e-06 7.69978496889978e-06 9.38451656006029e-06
          0.09450134          0.003770928         1.335593e-05          1.68624e-06 8.15362339098665e-06 8.52842446018683e-06
          0.09686188          0.003868154          9.28568e-06         1.531137e-06 7.19053631881184e-06 7.73160207288848e-06
          0.09934336          0.003970601         1.235822e-05         1.617749e-06 5.37245909895862e-06 6.99205317724651e-06
           0.1019553          0.004078707         1.052884e-05         1.535601e-06 3.98851176588206e-06 6.30659976983036e-06
           0.1047084          0.004192959         8.668071e-06         1.413912e-06 3.73551736004641e-06 5.67248718525494e-06
           0.1076142          0.004313906         7.575508e-06         1.380957e-06 4.03102379881385e-06 5.08715323215063e-06
           0.1106859          0.004442161         5.051589e-06         1.135474e-06 3.83150901500396e-06 4.54815564499053e-06
           0.1115796          0.004455649         5.002072e-06         6.341645e-07 3.64128565524343e-06 4.40398835450681e-06
            0.114927          0.004592441         5.286327e-06         5.667477e-07 2.74773845244407e-06 3.91524881277577e-06
           0.1183748          0.004733625         5.005082e-06         5.260512e-07 2.26355225585062e-06 3.48061071589099e-06
            0.121926          0.004879357         3.496241e-06         4.376126e-07 2.23074610351998e-06 3.09403107407614e-06
           0.1255838          0.005029804           3.9629e-06         4.344333e-07 2.05787122289705e-06 2.75024239189716e-06
           0.1293513          0.005185137           2.6526e-06         3.675078e-07 1.65656457960012e-06 2.44457625396354e-06
           0.1332319          0.005345537         3.057743e-06         3.723171e-07 1.39940718815316e-06 2.17279682823088e-06
           0.1372288          0.005511194         3.302833e-06         3.651598e-07 1.31467311980252e-06 1.93122478531663e-06
           0.1413457          0.005682306         2.513357e-06         3.284074e-07 1.16230223383604e-06 1.71647592818592e-06
           0.1455861          0.005859079         1.684834e-06          2.88657e-07 9.67080657840842e-07 1.52558210467834e-06
           0.1499536          0.006041733         1.478766e-06          2.73116e-07  8.5687575946903e-07 1.35590156467855e-06
           0.1544523          0.006230496         1.457684e-06         2.690358e-07 7.70185687002722e-07 1.20507093665842e-06
           0.1590858          0.006425608         1.261945e-06         2.521822e-07 6.58712799510673e-07 1.07100920245247e-06
           0.1638584          0.006627322         1.403944e-06         2.558427e-07 5.73778236350004e-07 9.51847890097612e-07
           0.1687741          0.006835903         1.002037e-06         2.352163e-07 5.08978077617965e-07 8.45936831223794e-07
           0.1738374          0.007051631         7.444685e-07         2.342576e-07 4.40647061961029e-07 7.51800542671906e-07
           0.1790525          0.007274801         4.973818e-07         2.230452e-07 3.84493606876113e-07 6.68135197916515e-07
           0.1844241          0.007505722         4.052194e-07         2.110809e-07 3.37540854262083e-07  5.9377515630969e-07
           0.1899568          0.007744722         6.084923e-07         2.033844e-07 2.93510579662352e-07 5.27687642831417e-07
           0.1956555          0.007992147         3.687496e-07         2.029833e-07 2.56672490501927e-07 4.68952430721213e-07
           0.2015252          0.008248361         2.123495e-07         1.833501e-07 2.24215908768113e-07  4.1675211084876e-07
           0.2075709           0.00851375         2.204981e-07          1.93987e-07 1.95653228231257e-07 3.70361155930843e-07
            0.213798          0.008788721        -2.790265e-07         1.692681e-07 1.71064742920557e-07 3.29132651912038e-07
            0.220212          0.009073707        -8.383317e-08         1.718782e-07 1.49420171574233e-07 2.92492209780792e-07
           0.2268183          0.009369163        -3.569825e-08         1.697852e-07  1.3067579119186e-07 2.59930587645228e-07
           0.2336229          0.009675573        -2.845235e-07         1.595458e-07 1.14297392701507e-07 2.30992967887039e-07
           0.2406316          0.009993451        -3.343309e-07         1.509175e-07 1.00048784771331e-07 2.05276796602888e-07
           0.2478505           0.01032334        -3.754345e-07         1.488119e-07 8.76986447617173e-08 1.82515191242166e-07
            0.255286           0.01066582        -7.952298e-08         1.597195e-07  7.7303652580675e-08  1.6286010363709e-07
           0.2629446           0.01102149        -7.227401e-08          1.57499e-07 6.94256577886078e-08 1.47187431049245e-07
            0.270833           0.01139102        -2.871884e-07         1.267748e-07 6.43729105353486e-08 1.36140656908271e-07
           0.2789579           0.01177509        -1.339974e-07         2.606525e-07 6.13233792317079e-08 1.29084228848973e-07
