# intensity: 1
# background: 0
#           Q (1/A)             dQ (1/A)                    R                   dR               theory              fresnel
         0.009589425         0.0003194414             1.002689            0.0118255    0.169124981909138   0.0325794503939527
         0.009680876          0.000322508            0.9953967          0.009471588    0.166561912566258   0.0322372405430222
         0.009774089         0.0003256342            0.9940037          0.008608977    0.163546485913814   0.0318358844634172
         0.009869114         0.0003288219            0.9812209          0.008040162    0.160033184998644   0.0313698373361171
         0.009966005         0.0003320728            0.9687999          0.007706197    0.155996916223728   0.0308363607727795
          0.01006482         0.0003353889            0.9668459          0.007401996     0.15144296536589   0.0302367890217097
          0.01016561         0.0003387721            0.9733413          0.007270013    0.146413389658696   0.0295772838603572
          0.01026844         0.0003422245            0.9569419          0.006996981    0.140988582102126   0.0288689116530364
          0.01037337         0.0003457482            0.9525633          0.006795873    0.135256983827204   0.0281236061296261
          0.01048047         0.0003493456            0.9347977          0.006541247    0.129328485477193   0.0273557738991577
           0.0105898         0.0003530188            0.9073834          0.006257688    0.123297789710099   0.0265775301907792
          0.01070144         0.0003567705            0.9036861          0.006110767    0.117238792737707   0.0257979951856199
          0.01081546         0.0003606031            0.8876959          0.005920377    0.111204397653058   0.0250233373211008
          0.01093193         0.0003645192            0.8837322          0.005802406    0.105229625339655   0.0242572509180182
          0.01105094         0.0003685217            0.8569252          0.005619194   0.0993309772828589   0.0235009283216648
          0.01117257         0.0003726134            0.8259638          0.005421083   0.0935333860548541   0.0227566198992533
          0.01129691         0.0003767975            0.7980862          0.005226783   0.0878492492368639   0.0220249165319527
          0.01142404         0.0003810769            0.7698906          0.004976686   0.0822797498295018   0.0213048810867872
          0.01155407         0.0003854552            0.7665109          0.004812209    0.076837705755371   0.0205971336792204
          0.01168709         0.0003899357             0.745514          0.004582092   0.0715324049314621   0.0199018162395476
          0.01182321          0.000394522            0.7148864          0.004323536   0.0663724273842177   0.0192189824045374
          0.01196254         0.0003992181            0.6920615          0.004118208   0.0613664520993814   0.0185487090583801
           0.0121052         0.0004040279             0.654903          0.003862179   0.0565187678854757   0.0178905201111987
          0.01225129         0.0004089555            0.6191088          0.003633453   0.0518480825267518   0.0172458696823887
          0.01240096         0.0004140055            0.5789038          0.003394778   0.0473545430784214   0.0166137448627365
          0.01255432         0.0004191824            0.5442369          0.003187817   0.0430494311832106   0.0159947890928066
          0.01271153         0.0004244912            0.5111694          0.003007642   0.0389353143196983   0.0153883159686631
          0.01287273         0.0004299369            0.4675291          0.002789702     0.03502113568737    0.014794754628541
          0.01303806         0.0004355249            0.4334318           0.00261622   0.0313130151013178   0.0142141775767739
           0.0132077         0.0004412609            0.4023186          0.002453379   0.0278137393619774   0.0136463495294794
          0.01338181          0.000447151            0.3722548          0.002303938   0.0245318625187322   0.0130917077667329
          0.01356058         0.0004532014            0.3421149           0.00214953   0.0214687056217485   0.0125500300132445
          0.01374418         0.0004594189            0.3155023          0.002012034   0.0186275693025964   0.0120214103522006
          0.01384654         0.0004608234            0.2519073          0.004247959   0.0171611198606438   0.0117372585510302
          0.01393282         0.0004658104             0.291187          0.001887812   0.0160104369391731   0.0115058655601471
          0.01403706         0.0004672515            0.2756688          0.002496616   0.0146793141908221   0.0112314341932061
          0.01412672         0.0004723834            0.2666962          0.001783129   0.0136183293230484   0.0110034202168072
          0.01423289         0.0004738626            0.2445382          0.001910575   0.0124213416966923   0.0107388960592888
          0.01432609         0.0004791459            0.2437225          0.001669629   0.0114512574759159   0.0105141399973681
          0.01443426         0.0004806647            0.2268307          0.001681957   0.0103843755599341   0.0102590602934741
          0.01453116         0.0004861062            0.2233559          0.001609739  0.00950564029321771   0.0100376745345683
          0.01464142         0.0004876664            0.2025439          0.001521511  0.00856707256728732  0.00979223240385892
          0.01474219         0.0004932731            0.1840279          0.002293523  0.00778267073354508  0.00957477486816727
          0.01485461         0.0004948766            0.1840133          0.001396806  0.00696560140754919  0.00933839888628684
          0.01495944         0.0005006561            0.1378116          0.004019284  0.00627506858444657  0.00912494398827672
          0.01507409         0.0005023048            0.1718267          0.001298092  0.00557444197161976  0.00889749425683012
          0.01530016         0.0005099611            0.1590958          0.001200863  0.00438511110353251  0.00846907586128915
          0.01553311         0.0005178562            0.1482207          0.001122977  0.00339225583451288  0.00805372275482048
          0.01577327         0.0005260017            0.1322954          0.001037504  0.00258467588932772  0.00765095981651155
          0.01602097         0.0005344096            0.1222826         0.0009772493  0.00195189995727936   0.0072607408428921
          0.01627658          0.000543093            0.1091077         0.0009272937  0.00148171421375282  0.00688300346843989
          0.01654047         0.0005520658            0.1001096         0.0008801805  0.00116227773411972  0.00651768263642257
          0.01681306         0.0005613428           0.09075114         0.0008139561 0.000978661654928027  0.00616470632427219
          0.01709478         0.0005709398            0.0820889         0.0007659256 0.000915170071193124  0.00582382611805016
          0.01738611         0.0005808738           0.07237004         0.0007156463 0.000956051764556243  0.00549540029951025
          0.01768754         0.0005911632           0.06295162         0.0006572564  0.00108327622736939   0.0051788376172903
           0.0179996         0.0006018274           0.05820625         0.0006180682   0.0012791483694176  0.00487417425408002
          0.01832288         0.0006128875           0.05071951         0.0005722229  0.00152533927835629  0.00458106139800401
          0.01865798         0.0006243662           0.04406989         0.0005375616  0.00180346729033522  0.00429980176244681
          0.01900556          0.000636288           0.03864234         0.0005206793   0.0020950810502925  0.00403011130994701
          0.01936634         0.0006486792           0.03532467         0.0004799235  0.00238271317223257  0.00377154480355002
          0.01974109         0.0006615685           0.03031332         0.0004306314  0.00264939535220981  0.00352409555057518
          0.02013062         0.0006749868           0.02597766         0.0003872005  0.00287965171072474  0.00328759291909979
          0.02053583         0.0006889678           0.02290524         0.0003572823  0.00305982220247609  0.00306184237276785
           0.0209577          0.000703548           0.01880068         0.0003224507  0.00317867016157906  0.00284651630679339
          0.02139725         0.0007187672           0.01623378         0.0002940922  0.00322728170574285  0.00264175577112496
          0.02185565         0.0007346689           0.01415302         0.0002717748  0.00320033715745328   0.0024470124540355
          0.02233411         0.0007513006           0.01201135         0.0002470939  0.00309639560679972  0.00226223812278232
          0.02283399         0.0007687144          0.009887413         0.0002187826  0.00291761528283846  0.00208701939273059
          0.02335676         0.0007869675          0.008252428         0.0001979837  0.00267055960738285  0.00192115542542855
          0.02379007         0.0008069718          0.005810063         0.0002491338  0.00243156459303695  0.00179590369484569
          0.02390402          0.000806123          0.006699481         0.0001745989  0.00236569840643395   0.0017644332293103
           0.0241174         0.0008182225          0.005824775         0.0001493787  0.00223815751943681  0.00170774779690795
          0.02445387         0.0008297935          0.005590285         0.0001221708  0.00203244256683502  0.00162272457850276
          0.02447755         0.0008262504           0.00535713         0.0001540113  0.00201780004999309  0.00161668175697253
          0.02479985         0.0008416985          0.004927196         0.0001044309  0.00181811904872613  0.00154065750291048
          0.02507928         0.0008474266          0.004035262         0.0001320103  0.00164563952451523  0.00147788183063191
          0.02515577         0.0008539525          0.004188565         9.184677e-05  0.00159913923014372  0.00146146631378404
          0.02552205         0.0008665711          0.003559425         8.154016e-05  0.00138019050123616  0.00138522905626279
          0.02571133          0.000869737          0.003210452         0.0001161807  0.00127047303890221  0.00134758126432587
          0.02589915         0.0008795709          0.002964622         7.147872e-05   0.0011655467802414  0.00131175546255211
          0.02628757         0.0008929695          0.002655361         6.579761e-05 0.000959774245219873  0.00124103009209835
          0.02637607         0.0008932767          0.002372215         9.964165e-05 0.000915165022326709  0.00122553348589762
          0.02668781         0.0009067858          0.002327712         6.056102e-05 0.000767444434443654  0.00117307259722715
          0.02707609         0.0009181518          0.001923795         8.990574e-05 0.000601731988079453  0.00111138790281013
          0.02710043         0.0009210398          0.001853424         5.324406e-05 0.000592380950682977   0.0011077120446181
          0.02752601         0.0009357526          0.001597636         4.786263e-05 0.000438359228039512  0.00104493407720577
          0.02781428         0.0009444809          0.001489006         8.017372e-05 0.000349668410169535  0.00100490776799845
          0.02796517         0.0009509471          0.001385725         4.447591e-05 0.000308611499354516 0.000984737853021409
          0.02841857         0.0009666474           0.00113029           4.0106e-05 0.000205152011650973 0.000926992049460143
          0.02888691         0.0009828794          0.001005822         3.713269e-05  0.00012964127408666 0.000871688520392553
          0.02937095         0.0009996708         0.0009442228         3.556758e-05 8.22360180558166e-05 0.000818749392196067
          0.02987149          0.001017051          0.000814905         3.280534e-05 6.20878853163649e-05 0.000768118386356132
          0.03038938          0.001035053         0.0007466504         3.102593e-05 6.71249046275089e-05 0.000719733703026556
          0.03092555          0.001053709         0.0007386363         3.032588e-05 9.40999217116347e-05 0.000673563672108808
          0.03148097          0.001073057         0.0007053009         2.935508e-05 0.000138522486156164  0.00062953082258183
          0.03205671          0.001093137         0.0007623161         3.084927e-05 0.000194938578587318 0.000587555856671718
          0.03265391          0.001113991         0.0006781732         2.997819e-05 0.000257155970651899 0.000547649868029047
          0.03327377          0.001135665         0.0007333573         3.020351e-05 0.000318523780522692 0.000509734656644072
          0.03391763          0.001158209         0.0007293991         2.911545e-05 0.000372486329147072 0.000473715570684698
          0.03458689          0.001181677         0.0007689515         2.900886e-05 0.000413014741502908 0.000439559652604232
           0.0352831          0.001206127         0.0007650374         2.846878e-05 0.000435235548282391 0.000407209377906209
          0.03600791          0.001231624         0.0007073962         2.718519e-05 0.000435972254375786  0.00037660870362453
          0.03676313          0.001258237         0.0007326352          2.73543e-05 0.000414262085725665   0.0003476813637196
           0.0375507          0.001286042         0.0006574887         2.563148e-05 0.000371613413001579 0.000320417641249784
          0.03837276           0.00131512         0.0005916942         2.391909e-05 0.000312249922281348 0.000294736624017686
          0.03923162          0.001345564         0.0005439951         2.250277e-05 0.000242704206014439 0.000270568621083406
           0.0401298          0.001377473         0.0004610043         2.058845e-05 0.000171303643701866 0.000247873249559859
          0.04107007          0.001410956         0.0004426554         1.982673e-05  0.00010697056691018 0.000226569686607436
          0.04205546          0.001446135         0.0003925248         1.860739e-05 5.80957462826124e-05 0.000206614986989554
          0.04222687          0.001420127         0.0003924994         3.696997e-05 5.07429026025114e-05 0.000203263202483419
          0.04280787          0.001439931         0.0003699856         2.119885e-05 3.47251302161083e-05 0.000192731221606236
           0.0430893          0.001483143         0.0003062175         1.612423e-05 3.09149990259423e-05 0.000187960376085809
          0.04340509          0.001460298         0.0003061622         1.627196e-05 2.64437525046505e-05 0.000182605579001118
          0.04401921          0.001481254         0.0003110106         1.489561e-05 2.59407844342155e-05 0.000172869317275346
          0.04417525           0.00152213         0.0002690805         1.500927e-05 2.79484215783936e-05 0.000170587305045924
          0.04465095          0.001502825         0.0002717144         1.340009e-05 3.26781947205047e-05  0.00016353339313114
          0.04530109          0.001525037         0.0002293622         1.179275e-05 4.54995108929375e-05 0.000154565748247584
          0.04531735           0.00156326         0.0002450913         1.427806e-05 4.64582422578174e-05 0.000154433230223061
          0.04597044          0.001547921         0.0002204941         1.112644e-05 6.28269453945254e-05 0.000145962147350992
          0.04652007          0.001606718         0.0002015289         1.313166e-05 7.86711866956891e-05 0.000139426238089088
          0.04665987          0.001571507         0.0002097844         1.061492e-05 8.26768961762391e-05 0.000137726128176161
           0.0473703          0.001595828         0.0001719617         9.496361e-06 0.000102783713560297 0.000129828153638069
          0.04778837          0.001652711         0.0001834734         1.272354e-05 0.000113098082895171  0.00012552413234446
          0.04810269          0.001620921         0.0001750109         9.433539e-06 0.000120845771549903 0.000122265926321609
          0.04885808          0.001646821         0.0001410936         8.251294e-06 0.000134686439050178 0.000115042804745404
          0.04963758           0.00167357         0.0001385582         8.123984e-06 0.000142571362993773 0.000108131257793487
          0.05044235          0.001701209         0.0001254808         7.816721e-06 0.000143292541443234 0.000101531234480923
          0.05127365          0.001729785         9.797481e-05         6.929247e-06 0.000136517571996244 9.52314848653814e-05
          0.05213281          0.001759346         9.531852e-05         6.623331e-06  0.00012280993613351 8.92233343507465e-05
          0.05302125          0.001789945         8.148738e-05         6.112601e-06 0.000103660496827983 8.34988028835584e-05
           0.0539405          0.001821637         9.623962e-05         6.463978e-06 8.13638799202641e-05 7.80490889651844e-05
          0.05489218          0.001854484         9.160163e-05         6.302481e-06 5.87429334584922e-05  7.2863933500211e-05
          0.05587805          0.001888549         8.279182e-05          5.89864e-06 3.87460695428392e-05 6.79371659625364e-05
          0.05689998          0.001923902         7.836732e-05         5.875663e-06 2.39650459886191e-05  6.3263187024273e-05
          0.05795999          0.001960619         6.276775e-05         5.625686e-06  1.6097196716491e-05  5.8832988793884e-05
          0.05906024          0.001998781         6.420343e-05          5.33651e-06 1.55716790874855e-05 5.46334655284477e-05
          0.06020307          0.002038476         6.283526e-05         5.137323e-06 2.13156484834683e-05 5.06597121114431e-05
            0.061391          0.002079798         6.360118e-05         5.059153e-06 3.08898254425447e-05 4.69038330589669e-05
          0.06262675          0.002122852         5.264725e-05         4.487977e-06 4.09623936352003e-05 4.33580527732049e-05
          0.06391328           0.00216775         5.064253e-05         4.480213e-06   4.810896177852e-05 4.00146632684203e-05
          0.06525377          0.002214614         4.760277e-05         4.288716e-06 4.97755752433566e-05 3.68642483976749e-05
           0.0666517          0.002263577         3.820241e-05         3.987687e-06 4.51176650724135e-05 3.39036515736011e-05
          0.06811083          0.002314787         3.391502e-05         3.658776e-06 3.54218334902561e-05 3.11230487240887e-05
          0.06963528          0.002368402         3.239695e-05         3.487322e-06 2.37914401186019e-05 2.85151756484361e-05
          0.07122953          0.002424599         3.087365e-05          3.37025e-06 1.40678125964549e-05 2.60737729011746e-05
          0.07289849          0.002483571         3.761618e-05         3.537843e-06 9.26059018168541e-06 2.37899807640395e-05
          0.07464754          0.002545533         2.968779e-05         3.242156e-06 1.01088417996305e-05 2.16579599169614e-05
          0.07648258          0.002610719         2.695447e-05         3.125498e-06  1.4576756581188e-05 1.96698735251309e-05
          0.07825968          0.002645691          2.42133e-05          2.51214e-06 1.86710491871257e-05 1.79535132524783e-05
          0.07841012          0.002679393         2.562932e-05         2.883545e-06   1.882695135374e-05  1.7821658727536e-05
          0.08043732          0.002751847         2.553355e-05         2.947054e-06 1.93966265164123e-05 1.61058875844108e-05
          0.08060747          0.002727888         2.211661e-05         2.230746e-06 1.93197764481149e-05 1.59669243426459e-05
          0.08257213          0.002828405         2.183228e-05         2.911245e-06 1.54699564112658e-05 1.45147603546806e-05
           0.0830257          0.002812809         2.096426e-05          2.13904e-06 1.43116562123132e-05 1.41984875548665e-05
          0.08482334          0.002909434         1.779267e-05         2.696767e-06 9.57947119314439e-06 1.30443122278995e-05
          0.08551647          0.002900559         2.138831e-05         1.973462e-06 8.00259026001378e-06 1.26254706504975e-05
          0.08720075          0.002995341         1.908956e-05         4.810434e-06  5.7100500425042e-06 1.16898215218354e-05
          0.08808196           0.00299125         2.017992e-05         1.897841e-06 5.23639855952653e-06 1.12295709678054e-05
          0.09072442          0.003084998          1.45273e-05         1.764635e-06 6.58948091064279e-06 9.98835879988892e-06
          0.09344615          0.003181924         1.634687e-05         1.686366e-06 8.56888653487757e-06   8.882847903937e-06
          0.09624954          0.003282156           1.8162e-05         1.647474e-06  8.0146978225698e-06 7.89839583209004e-06
          0.09913702          0.003385831         1.813502e-05         1.588083e-06 5.39011161944562e-06 7.02248647757386e-06
           0.1021111           0.00349309         1.688072e-05         1.628326e-06 3.49245453467124e-06  6.2434533762916e-06
           0.1051745          0.003604083         1.085085e-05         1.439241e-06 3.62206865052481e-06 5.55063543850389e-06
           0.1083297          0.003718969         1.109023e-05         1.423736e-06 4.28174115657638e-06  4.9345662535294e-06
           0.1115796          0.003837915         1.121235e-05         1.358839e-06  3.7796643060866e-06 4.38674326910306e-06
            0.114927          0.003961098         9.622257e-06         1.268465e-06 2.58327942568587e-06 3.89963442627998e-06
           0.1183748          0.004088703         9.068769e-06         1.255058e-06 2.08814344817874e-06 3.46653168165622e-06
            0.121926          0.004220929         1.017132e-05         1.223129e-06 2.28133025842303e-06 3.08146306561366e-06
           0.1255838          0.004357985         9.812759e-06         1.194199e-06 2.15150467557743e-06 2.73910456778194e-06
           0.1293513          0.004500091         9.666394e-06         1.171654e-06 1.60597813508238e-06 2.43473759571237e-06
           0.1332319          0.004647482         7.447759e-06         1.090885e-06 1.33169015774036e-06 2.16414733835343e-06
           0.1372288          0.004800406         7.575862e-06         1.060798e-06 1.34402994325102e-06 1.92360431399041e-06
           0.1413457          0.004959127         8.369881e-06         1.046433e-06 1.18444428801408e-06 1.70988380289481e-06
           0.1455861          0.005123925          6.03807e-06         1.002107e-06 9.36301795056027e-07  1.5218194411263e-06
           0.1499536          0.005295096         5.114458e-06         1.064161e-06 8.72103841039804e-07 1.36620906952699e-06
           0.1544523          0.005472957         6.692667e-06         2.372991e-06 8.85273753335198e-07 1.25540723732471e-06
           0.1590858          0.005657841        -2.019604e-06         5.671876e-06 8.43914901405583e-07 1.18784514095927e-06
